block smBlocks   threads    occ%   |                init       read       scale     triad       3pt        5pt
  16      1344       1      1%     |  GB/s:          37         16         29         56         28         24
  32      2688       1    2.1%     |  GB/s:          75         32         58        111         54         47
  48      4032       1    3.1%     |  GB/s:         111         46         85        163         80         69
  64      5376       1    4.2%     |  GB/s:         148         62        114        216        106         91
  80      6720       1    5.2%     |  GB/s:         184         76        139        262        132        114
  96      8064       1    6.2%     |  GB/s:         221         92        169        312        157        136
 112      9408       1    7.3%     |  GB/s:         256        106        191        355        182        157
  64     10752       2    8.3%     |  GB/s:         293        125        226        414        212        182
 160     13440       1   10.4%     |  GB/s:         360        151        265        485        251        213
  96     16128       2   12.5%     |  GB/s:         438        186        322        576        305        259
 128     21504       2   16.7%     |  GB/s:         579        246        411        720        388        322
 160     26880       2   20.8%     |  GB/s:         713        303        486        813        464        178
 192     32256       2   25.0%     |  GB/s:         806        176        313        524        303        259
 224     37632       2   29.2%     |  GB/s:         789        414        335        524        324        266
 256     43008       2   33.3%     |  GB/s:         794        466        354        502        341        284
 288     48384       2   37.5%     |  GB/s:         789        519        368        496        353        278
 320     53760       2   41.7%     |  GB/s:         785        557        794        365        362        287
 352     59136       2   45.8%     |  GB/s:         789        604        805        364        788        300
 384     64512       2   50.0%     |  GB/s:         790        648        821        364        802        324
 416     69888       2   54.2%     |  GB/s:         794        689        830        364        810        319
 448     75264       2   58.3%     |  GB/s:         791        724        833        363        817        331
 480     80640       2   62.5%     |  GB/s:         804        754        817        362        824        344
 512     86016       2   66.7%     |  GB/s:         793        771        814        362        825        355
 544     91392       2   70.8%     |  GB/s:         788        778        813        363        824        351
 576     96768       2   75.0%     |  GB/s:         783        785        813        363        816        357
 608    102144       2   79.2%     |  GB/s:         792        778        809        362        814        368
 640    107520       2   83.3%     |  GB/s:         802        780        808        362        815        781
 672    112896       2   87.5%     |  GB/s:         791        779        808        362        813        778
 704    118272       2   91.7%     |  GB/s:         790        786        805        447        810        786
 736    123648       2   95.8%     |  GB/s:         809        788        818        363        825        792
 768    129024       2  100.0%     |  GB/s:         808        771        817        362        813        796
