clock: 1792 1792 1792 1792 1792 1792 1792 1792 1792 1792 1792 1792 1792 1792 
   100000  1792        2      4.4    79.4 79.4 79.4 79.4
   100000  1792      2.9      4.2    75.2 79.6 38.3 79.6
   100000  1792      4.2      2.1    38.4 38.4 38.4 38.4
   100000  1792      5.2      2.1    38.5 38.5 38.5 38.5
   100000  1792      5.8      2.2    38.5 38.5 38.5 38.6
   100000  1792      6.1      2.2    38.6 38.6 38.5 38.6
   100000  1792      7.0      2.2    38.7 38.7 38.7 38.7
   100000  1792      7.4      2.2    38.7 38.7 38.7 38.7
   100000  1792      8.5      2.2    38.8 38.8 38.8 38.8
   100000  1792      9.2      2.2    38.9 38.9 38.9 38.9
   100000  1792      9.9      2.2    39.0 39.0 38.9 39.0
   100000  1792     11.4      2.2    39.1 39.1 39.1 39.1
   100000  1792     12.8      2.2    39.3 39.3 39.2 39.3
   100000  1792     14.0      2.2    39.4 39.4 39.4 39.4
   100000  1792     15.0      2.2    39.5 39.5 39.4 39.5
   100000  1792     16.6      2.2    39.6 39.6 39.6 39.6
   100000  1792     17.9      2.2    39.7 39.7 39.7 39.8
   100000  1792     19.9      2.2    39.9 39.9 39.9 39.9
   100000  1792     22.0      2.2    40.1 40.1 40.1 40.2
   100000  1792     23.2      2.2    40.3 40.3 40.3 40.3
   100000  1792     24.2      2.3    40.4 40.4 40.4 40.4
   100000  1792     26.6      2.3    40.6 40.6 40.6 40.6
   100000  1792     28.8      2.3    40.8 40.8 40.8 40.9
   100000  1792     30.6      2.3    41.0 41.0 41.0 41.0
   100000  1792     32.0      2.3    41.2 41.2 41.1 41.2
   100000  1792     33.9      2.3    41.3 41.3 41.3 41.4
   100000  1792     36.1      2.3    41.5 41.6 41.5 41.6
   100000  1792     37.8      2.3    41.7 41.7 41.7 41.7
   100000  1792     40.6      2.3    42.0 42.0 42.0 42.0
   100000  1792     42.8      2.4    42.2 42.2 42.2 42.2
   100000  1792     45.9      2.4    42.5 42.5 42.5 42.5
   100000  1792     49.1      2.4    42.8 42.8 42.8 42.9
   100000  1792     52.1      2.4    43.1 43.1 43.1 43.1
   100000  1792     55.6      2.4    43.5 43.5 43.5 43.5
   100000  1792     58.4      2.4    43.8 43.8 43.8 43.8
   100000  1792     61.8      2.5    44.1 44.1 44.1 44.1
   100000  1792     65.5      2.5    44.5 44.5 44.5 44.5
   100000  1792     69.2      2.5    44.8 44.8 44.8 44.9
   100000  1792     73.2      2.5    45.3 45.3 45.2 45.3
   100000  1792     76.6      2.5    45.6 45.6 45.6 45.6
   100000  1792     81.1      2.6    46.0 46.0 46.0 46.0
   100000  1792     85.5      2.6    46.5 46.4 46.4 46.5
   100000  1792     90.4      4.8    86.3 85.9 84.7 88.8
   100000  1792     94.8      8.4   149.7 149.5 143.9 158.0
   100000  1792     98.9      8.1   145.0 145.0 144.7 145.4
   100000  1792    103.1      7.9   142.1 142.1 141.8 142.5
   100000  1792    108.8     12.6   225.3 225.4 224.8 225.7
   100000  1792    113.9     12.2   218.0 218.0 217.6 218.4
   100000  1792    119.9     15.1   269.8 269.7 250.6 288.8
   100000  1792    125.9     15.5   278.0 278.5 269.1 278.8
   100000  1792    132.0     16.0   287.2 287.1 286.8 287.6
   100000  1792    138.6     34.2   612.7 708.6 306.0 717.6
   100000  1792    145.2     40.0   716.7 716.8 716.2 717.0
   100000  1792    151.6     40.0   717.1 717.1 717.0 717.2
   100000  1792    158.2     40.0   716.8 717.0 713.2 717.1
   100000  1792    165.9     40.0   717.2 717.3 717.1 717.3
   100000  1792    173.6     35.7   639.3 716.9 347.9 717.0
   100000  1792    181.8     40.0   717.3 717.3 717.2 717.4
   100000  1792    190.1     40.0   717.1 717.1 716.9 717.1
   100000  1792    198.8     19.4   348.1 348.1 348.1 348.1
   100000  1792    208.0     19.4   348.0 348.0 348.0 348.1
   100000  1792    217.2     19.4   348.0 348.0 348.0 348.0
   100000  1792    226.9     19.4   348.2 348.2 348.2 348.2
   100000  1792    237.0     19.4   347.9 347.9 347.9 348.0
   100000  1792    247.4     19.4   348.1 348.0 348.0 348.1
   100000  1792    258.6     19.4   348.0 348.0 348.0 348.0
   100000  1792    270.6     19.4   348.1 348.1 348.1 348.1
   100000  1792    283.2     19.4   348.1 348.2 348.1 348.2
   100000  1792    295.5     19.4   348.0 348.0 348.0 348.0
   100000  1792    308.5     19.4   347.9 347.9 347.9 348.0
   100000  1792    321.6     19.4   348.0 348.0 348.0 348.0
   100000  1792    335.2     19.4   348.1 348.0 348.0 348.1
   100000  1792    350.6     19.4   348.1 348.1 348.1 348.1
   100000  1792    366.5     19.4   348.1 348.1 348.1 348.1
   100000  1792    382.5     19.4   348.1 348.1 348.0 348.1
   100000  1792    398.6     19.4   348.0 348.0 348.0 348.0
   100000  1792    416.6     19.4   348.1 348.1 348.0 348.1
   100000  1792    434.2     19.4   348.1 348.1 348.1 348.1
   100000  1792    452.8     19.4   348.1 348.1 348.1 348.1
   100000  1792    472.6     19.4   348.0 348.0 348.0 348.1
   100000  1792    493.6     19.4   348.0 348.0 348.0 348.0
   100000  1792    515.2     19.4   348.1 348.1 348.1 348.1
   100000  1792    537.1     20.6   368.6 348.0 348.0 712.0
   100000  1792    560.2     40.2   719.9 737.3 438.3 750.8
   100000  1792    585.0     38.9   697.4 735.1 348.1 754.3
   100000  1792    610.0     28.4   508.4 348.1 348.0 753.8
   100000  1792    636.8     19.4   348.0 348.0 348.0 348.0
   100000  1792    663.8     19.4   348.0 348.0 348.0 348.1
   100000  1792    693.0     19.4   348.0 348.0 348.0 348.1
   100000  1792    722.5     19.4   348.0 348.0 348.0 348.0
   100000  1792    753.8     19.4   348.0 348.0 348.0 348.1
   100000  1792    786.2     19.4   348.1 348.1 348.0 348.1
