clock: 1792 1792 1792 1792 1792 1792 1792 1792 1792 1792 1792 1792 1792 1792 
  96    1     8064     1023      6%     |  GB/s:     67     65     65    126    123    119    236    230    225    112    106    104 
 112    1     9408     1023    7.3%     |  GB/s:     81     78     75    180    143    135    530    530    530    252    252    252 
  64    2    10752     1023    8.3%     |  GB/s:    182    182    182    333    333    333    636    636    635    288    288    288 
 192    1    16128     1023   12.5%     |  GB/s:    251    251    251    464    464    464    857    857    857    414    414    414 
 128    2    21504     1023   16.7%     |  GB/s:    348    348    348    638    638    638   1190   1190   1189    562    562    562 
 192    2    32256     1023   25.0%     |  GB/s:    499    499    499    913    913    912   1693   1692   1692    801    801    801 
 256    2    43008     1023   33.3%     |  GB/s:    634    634    634   1163   1163   1162   2118   2118   2118   1055   1054   1054 
 384    2    64512     1023   50.0%     |  GB/s:    871    871    870   1612   1612   1612   2839   2839   2839   1523   1522   1521 
 512    2    86016     1023   66.7%     |  GB/s:   1079   1079   1079   1964   1964   1964   3350   3349   3349   1627   1627   1625 
 640    2   107520     1023   83.3%     |  GB/s:   1241   1241   1241   2207   2206   2205   3612   3609   3607   1632   1632   1632 
 768    2   129024     1023  100.0%     |  GB/s:   1391   1391   1390   2367   2367   2366   3321   3316   2971   1621   1551   1503 

  96    1     8064     4095    6.2%     |  GB/s:     77     63     63    145    142    141    267    266    266    124    124    124 
 112    1     9408     4095    7.3%     |  GB/s:     87     86     85    158    157    156    298    293    291    142    138    137 
  64    2    10752     4095    8.3%     |  GB/s:    101    101     99    180    179    178    344    338    335    154    154    153 
 192    1    16128     4095   12.5%     |  GB/s:    133    131    130    240    236    232    438    437    434    217    217    215 
 128    2    21504     4095   16.7%     |  GB/s:    181    181    168    317    312    307    591    586    572    292    281    272 
 192    2    32256     4095   25.0%     |  GB/s:    243    242    239    443    436    431    861    842    833    415    387    385 
 256    2    43008     4095   33.3%     |  GB/s:    329    313    311    581    565    550   1114   1057   1055    634    568    568 
 384    2    64512     4095   50.0%     |  GB/s:    490    446    446    811    764    763   1520   1438   1438   1014    823    823 
 512    2    86016     4095   66.7%     |  GB/s:    634    571    571   1036    949    949   1916   1755   1754    961    870    870 
 640    2   107520     4095   83.3%     |  GB/s:    710    614    614   1308   1158   1155   2024   1820   1819   1079    871    871 
 768    2   129024     4095  100.0%     |  GB/s:    735    643    643   1377   1195   1193   1663   1523   1522   1070    866    866 

  96    1     8064    16255    6.2%     |  GB/s:     65     65     64    122    121    120    228    227    226    106    105    104 
 112    1     9408    16255    7.3%     |  GB/s:     74     74     73    138    138    137    260    256    256    125    124    121 
  64    2    10752    16255    8.3%     |  GB/s:     90     90     88    164    164    162    314    314    310    144    140    139 
 192    1    16128    16255   12.5%     |  GB/s:    124    122    120    232    230    227    420    417    412    215    211    208 
 128    2    21504    16255   16.7%     |  GB/s:    177    174    171    323    318    314    606    590    584    288    280    274 
 192    2    32256    16255   25.0%     |  GB/s:    251    240    240    448    439    431    867    850    836    415    387    387 
 256    2    43008    16255   33.3%     |  GB/s:    331    320    312    579    552    551   1112   1071   1060    599    571    571 
 384    2    64512    16255   50.0%     |  GB/s:    486    448    448    820    766    765   1530   1438   1438    894    837    836 
 512    2    86016    16255   66.7%     |  GB/s:    638    575    574   1034    949    949   1960   1752   1751    932    870    870 
 640    2   107520    16255   83.3%     |  GB/s:    687    614    614   1283   1159   1156   1977   1819   1817   1024    870    870 
 768    2   129024    16255  100.0%     |  GB/s:    725    644    643   1328   1194   1192   1627   1509   1507   1020    866    866 

  96    1     8064    33279    6.2%     |  GB/s:     65     64     64    121    120    120    169    168    166    106    105    104 
 112    1     9408    33279    7.3%     |  GB/s:     74     74     73    137    137    137    194    194    192    125    124    121 
  64    2    10752    33279    8.3%     |  GB/s:     90     89     88    164    164    162    228    225    224    144    140    139 
 192    1    16128    33279   12.5%     |  GB/s:    124    123    120    232    230    225    311    311    309    215    211    208 
 128    2    21504    33279   16.7%     |  GB/s:    179    174    171    328    319    314    418    414    408    288    274    274 
 192    2    32256    33279   25.0%     |  GB/s:    251    245    240    448    439    431    551    548    543    415    387    387 
 256    2    43008    33279   33.3%     |  GB/s:    330    313    312    578    552    551    652    648    641    634    571    571 
 384    2    64512    33279   50.0%     |  GB/s:    486    448    448    812    766    765    715    708    705    868    837    837 
 512    2    86016    33279   66.7%     |  GB/s:    637    575    574   1036    949    948    765    762    761   1026    870    870 
 640    2   107520    33279   83.3%     |  GB/s:    713    614    614   1339   1158   1156    784    770    769   1024    870    870 
 768    2   129024    33279  100.0%     |  GB/s:    723    644    643   1275   1194   1193    777    775    774    879    866    866 

  96    1     8064    64895    6.2%     |  GB/s:     65     64     64     99     99     98    146    145    145    105    104    103 
 112    1     9408    64895    7.3%     |  GB/s:     73     73     73    114    113    112    169    168    166    124    123    120 
  64    2    10752    64895    8.3%     |  GB/s:     87     87     86    137    135    135    194    194    192    142    139    137 
 192    1    16128    64895   12.5%     |  GB/s:    123    122    119    185    185    185    271    269    267    202    199    195 
 128    2    21504    64895   16.7%     |  GB/s:    170    168    163    258    258    253    347    340    340    285    272    271 
 192    2    32256    64895   25.0%     |  GB/s:    249    239    238    365    351    351    415    408    406    413    385    385 
 256    2    43008    64895   33.3%     |  GB/s:    328    310    310    446    434    434    410    393    390    655    568    568 
 384    2    64512    64895   50.0%     |  GB/s:    481    446    446    642    607    605    392    389    385    965    823    822 
 512    2    86016    64895   66.7%     |  GB/s:    618    571    571    767    729    728    395    389    387   1023    870    870 
 640    2   107520    64895   83.3%     |  GB/s:    642    613    613    930    779    778    393    389    387   1020    871    870 
 768    2   129024    64895  100.0%     |  GB/s:    699    641    640    997    912    909    393    387    385   1040    866    866 

  96    1     8064    97663    6.2%     |  GB/s:     65     64     64     78     78     78    145    145    145    105    104    103 
 112    1     9408    97663    7.3%     |  GB/s:     74     73     72     92     92     91    346    346    170    247    247    247 
  64    2    10752    97663    8.3%     |  GB/s:    179    179    179    220    220    220    400    400    400    283    283    283 
 192    1    16128    97663   12.5%     |  GB/s:    244    244    244    306    306    306    553    553    553    408    408    408 
 128    2    21504    97663   16.7%     |  GB/s:    341    341    341    400    400    400    713    713    713    551    551    551 
 192    2    32256    97663   25.0%     |  GB/s:    487    487    487    562    562    562    845    845    845    792    792    792 
 256    2    43008    97663   33.3%     |  GB/s:    619    619    619    697    697    697    819    818    818   1045   1044   1043 
 384    2    64512    97663   50.0%     |  GB/s:    857    857    857    806    806    806    803    803    802   1473   1473   1470 
 512    2    86016    97663   66.7%     |  GB/s:   1061   1061   1061    832    827    823    795    392    384    859    858    857 
 640    2   107520    97663   83.3%     |  GB/s:    606    605    605    842    413    404    386    386    386    870    869    868 
 768    2   129024    97663  100.0%     |  GB/s:    639    639    638    432    416    415    385    384    384    864    863    862 

  96    1     8064   129535    6.2%     |  GB/s:     57     57     57     78     78     78    146    144    144    103    102    102 
 112    1     9408   129535    7.3%     |  GB/s:     65     65     65    189     91     91    347    347    347    247    247    247 
  64    2    10752   129535    8.3%     |  GB/s:    179    179    179    220    220    220    400    400    400    283    283    283 
 192    1    16128   129535   12.5%     |  GB/s:    244    244    244    306    306    306    553    553    553    408    408    408 
 128    2    21504   129535   16.7%     |  GB/s:    341    341    341    400    400    400    714    714    714    551    551    551 
 192    2    32256   129535   25.0%     |  GB/s:    487    487    487    564    564    564    845    845    845    792    792    792 
 256    2    43008   129535   33.3%     |  GB/s:    619    619    618    700    700    700    812    811    807    779    773    767 
 384    2    64512   129535   50.0%     |  GB/s:    857    857    856    808    808    808    800    784    778    795    794    793 
 512    2    86016   129535   66.7%     |  GB/s:   1061   1060   1059    811    810    809    801    786    785    797    796    794 
 640    2   107520   129535   83.3%     |  GB/s:   1222   1221   1220    815    810    809    803    801    784    796    795    793 
 768    2   129024   129535  100.0%     |  GB/s:   1341   1341   1340    813    808    808    806    799    785    793    790    785 

  96    1     8064   193151    6.2%     |  GB/s:     90     90     90    165    165    165    304    304    304    216    216    216 
 112    1     9408   193151    7.3%     |  GB/s:    104    104    104    190    190    190    348    348    348    252    252    252 
  64    2    10752   193151    8.3%     |  GB/s:    122    122    122    221    221    221    401    401    401    288    288    288 
 192    1    16128   193151   12.5%     |  GB/s:    177    177    177    307    307    307    556    556    556    414    414    414 
 128    2    21504   193151   16.7%     |  GB/s:    239    239    239    401    401    401    714    714    714    562    562    562 
 192    2    32256   193151   25.0%     |  GB/s:    353    353    353    566    566    565    845    844    844    799    795    789 
 256    2    43008   193151   33.3%     |  GB/s:    458    457    457    702    702    702    808    807    806    787    782    778 
 384    2    64512   193151   50.0%     |  GB/s:    641    641    641    808    808    808    781    780    779    793    792    789 
 512    2    86016   193151   66.7%     |  GB/s:    790    790    788    807    807    807    804    803    794    793    791    785 
 640    2   107520   193151   83.3%     |  GB/s:    810    810    809    807    807    807    816    814    801    792    791    785 
 768    2   129024   193151  100.0%     |  GB/s:    800    798    797    806    806    805    802    801    800    790    788    784 

  96    1     8064   265599    6.2%     |  GB/s:     90     90     90    165    165    165    304    304    304    216    216    216 
 112    1     9408   265599    7.3%     |  GB/s:    104    104    104    191    191    191    348    348    348    252    252    252 
  64    2    10752   265599    8.3%     |  GB/s:    122    122    122    221    221    221    401    401    401    288    288    288 
 192    1    16128   265599   12.5%     |  GB/s:    177    177    177    307    307    307    555    555    555    414    414    414 
 128    2    21504   265599   16.7%     |  GB/s:    239    239    239    401    401    401    714    714    714    562    562    562 
 192    2    32256   265599   25.0%     |  GB/s:    353    353    353    566    566    566    845    845    845    801    799    798 
 256    2    43008   265599   33.3%     |  GB/s:    458    458    458    703    703    703    812    812    811    785    781    776 
 384    2    64512   265599   50.0%     |  GB/s:    642    642    641    809    809    809    805    804    726    771    420    381 
 512    2    86016   265599   66.7%     |  GB/s:    377    377    376    402    385    384    387    382    382    407    385    385 
 640    2   107520   265599   83.3%     |  GB/s:    384    384    384    401    387    386    388    382    382    385    385    384 
 768    2   129024   265599  100.0%     |  GB/s:    382    381    381    400    386    386    372    371    371    385    384    383 

