clock: 1792 1792 1792 1792 1792 1792 1792 1792 1792 1792 1792 1792 1792 1792 
  96    1     8064      383      6%     |  GB/s:     71     67     66    134    122    118    240    235    224    123    115    103 
 112    1     9408      383    7.3%     |  GB/s:     85     80     77    175    146    141    284    278    256    135    126    126 
  64    2    10752      383    8.3%     |  GB/s:    106     98     93    190    174    161    350    334    302    172    152    140 
 192    1    16128      383   12.5%     |  GB/s:    152    140    125    292    268    235    536    473    421    235    219    198 
 128    2    21504      383   16.7%     |  GB/s:    227    189    183    399    378    315    742    660    618    367    367    290 
 192    2    32256      383   25.0%     |  GB/s:    310    310    275    575    476    476    979    976    844    471    470    423 
 256    2    43008      383   33.3%     |  GB/s:    414    351    350    732    676    566   1301   1206   1067    612    612    570 
 384    2    64512      383   50.0%     |  GB/s:    591    515    515   1005    960    796   1745   1739   1734   1022   1018    835 
 512    2    86016      383   66.7%     |  GB/s:    645    644    584   1259   1156   1154   2255   2179   1812   1091   1090    895 
 640    2   107520      383   83.3%     |  GB/s:    735    734    732   1372   1355   1199   2160   2158   1866   1119   1111   1022 
 768    2   129024      383  100.0%     |  GB/s:   1003    990    989   1427   1241   1231   2307   2030   2024   1087   1084    888 

  96    1     8064      511    6.2%     |  GB/s:     86     80     67    157    139    123    296    264    232    137    120    106 
 112    1     9408      511    7.3%     |  GB/s:     99     88     75    179    150    138    334    294    257    160    140    124 
  64    2    10752      511    8.3%     |  GB/s:    186    185     90    335    335    335    638    638    638    288    288    288 
 192    1    16128      511   12.5%     |  GB/s:    258    258    258    470    470    470    861    861    861    414    414    414 
 128    2    21504      511   16.7%     |  GB/s:    353    353    353    642    642    642   1190   1190   1190    562    562    562 
 192    2    32256      511   25.0%     |  GB/s:    511    511    511    928    928    928   1698   1698   1698    801    801    801 
 256    2    43008      511   33.3%     |  GB/s:    645    645    644   1169   1169   1169   2120   2120   2119   1055   1054   1054 
 384    2    64512      511   50.0%     |  GB/s:    890    889    889   1630   1630   1630   2855   2855   2854   1524   1522   1518 
 512    2    86016      511   66.7%     |  GB/s:   1093   1093   1092   1981   1981   1980   3348   3347   3347   1628   1628   1627 
 640    2   107520      511   83.3%     |  GB/s:   1266   1266   1265   2241   2241   2240   3569   3567   3565   1631   1631   1630 
 768    2   129024      511  100.0%     |  GB/s:   1415   1415   1414   2385   2385   2384   3468   3465   3461   1621   1621   1621 

  96    1     8064      639    6.2%     |  GB/s:    135    135    135    248    248    215    226    222    222    106    106    103 
 112    1     9408      639    7.3%     |  GB/s:     75     75     74    136    136    135    258    255    252    124    124    121 
  64    2    10752      639    8.3%     |  GB/s:     90     90     88    164    164    161    313    313    309    140    140    139 
 192    1    16128      639   12.5%     |  GB/s:    125    125    121    232    227    226    420    411    409    219    207    207 
 128    2    21504      639   16.7%     |  GB/s:    180    176    173    321    321    316    604    604    584    292    274    274 
 192    2    32256      639   25.0%     |  GB/s:    245    245    242    449    440    435    861    861    835    423    387    387 
 256    2    43008      639   33.3%     |  GB/s:    340    340    316    571    556    556   1087   1061   1060    578    571    571 
 384    2    64512      639   50.0%     |  GB/s:    455    451    451    777    771    771   1453   1442   1441    853    837    836 
 512    2    86016      639   66.7%     |  GB/s:    579    579    578   1067    957    956   1938   1754   1753   1073    870    869 
 640    2   107520      639   83.3%     |  GB/s:    731    621    621   1363   1170   1169   1812   1811   1810    904    869    868 
 768    2   129024      639  100.0%     |  GB/s:    821    792    792   1370   1206   1205   1932   1890   1761    998    865    864 

  96    1     8064      767    6.2%     |  GB/s:     69     67     65    129    121    119    239    231    225    105    105    102 
 112    1     9408      767    7.3%     |  GB/s:     74     74     73    137    136    134    259    255    251    122    122    120 
  64    2    10752      767    8.3%     |  GB/s:     90     89     88    164    163    160    308    306    301    141    140    137 
 192    1    16128      767   12.5%     |  GB/s:    123    123    121    230    227    225    411    409    407    197    195    195 
 128    2    21504      767   16.7%     |  GB/s:    177    173    171    309    309    301    569    560    560    280    271    271 
 192    2    32256      767   25.0%     |  GB/s:    253    240    240    455    455    433    871    834    830    387    385    385 
 256    2    43008      767   33.3%     |  GB/s:    320    314    312    565    552    552   1067   1066   1054    582    568    567 
 384    2    64512      767   50.0%     |  GB/s:    458    449    448    782    768    768   1534   1442   1441    954    823    822 
 512    2    86016      767   66.7%     |  GB/s:    660    574    573   1069    952    952   1951   1755   1754    894    869    869 
 640    2   107520      767   83.3%     |  GB/s:    651    618    618   1225   1166   1164   1873   1871   1802   1069    872    872 
 768    2   129024      767  100.0%     |  GB/s:    750    647    646   1322   1203   1201   1951   1874   1752   1083    865    864 

  96    1     8064      895    6.2%     |  GB/s:     70     66     65    129    125    120    235    224    224    105    103    103 
 112    1     9408      895    7.3%     |  GB/s:     75     75     74    136    136    135 